#
# Geometry definition of the "Utah teapot" by Martin Newell.
# This version has a closed lid.
# If a bottom is desired, just add a Disk of radius 1.5.
# These data were generated for a right-handed coordinate system.
# Whenever this file is used in PRMan (which is left-handed),
# it should be preceeded by a 'ReverseOrientation'.
#

AttributeBegin

# Rim of body

Patch "bicubic" "P" [1.4 0 2.25  1.4 0.784 2.25  0.784 1.4 2.25  0 1.4 2.25
1.3375 0 2.38125  1.3375 0.749 2.38125  0.749 1.3375 2.38125  0 1.3375 2.38125
1.4375 0 2.38125  1.4375 0.805 2.38125  0.805 1.4375 2.38125  0 1.4375 2.38125
1.5 0 2.25  1.5 0.84 2.25  0.84 1.5 2.25  0 1.5 2.25]

Patch "bicubic" "P" [0 1.4 2.25 -0.784 1.4 2.25 -1.4 0.784 2.25 -1.4 0 2.25
0 1.3375 2.38125 -0.749 1.3375 2.38125 -1.3375 0.749 2.38125 -1.3375 0 2.38125
0 1.4375 2.38125 -0.805 1.4375 2.38125 -1.4375 0.805 2.38125 -1.4375 0 2.38125
0 1.5 2.25 -0.84 1.5 2.25 -1.5 0.84 2.25 -1.5 0 2.25]

Patch "bicubic" "P" [-1.4 0 2.25 -1.4 -0.784 2.25 -0.784 -1.4 2.25 0 -1.4 2.25
-1.3375 0 2.38125 -1.3375 -0.749 2.38125 -0.749 -1.3375 2.38125 0 -1.3375 2.38125
-1.4375 0 2.38125 -1.4375 -0.805 2.38125 -0.805 -1.4375 2.38125 0 -1.4375 2.38125
-1.5 0 2.25 -1.5 -0.84 2.25 -0.84 -1.5 2.25 0 -1.5 2.25]

Patch "bicubic" "P" [0 -1.4 2.25 0.784 -1.4 2.25 1.4 -0.784 2.25 1.4 0 2.25
0 -1.3375 2.38125 0.749 -1.3375 2.38125 1.3375 -0.749 2.38125 1.3375 0 2.38125
0 -1.4375 2.38125 0.805 -1.4375 2.38125 1.4375 -0.805 2.38125 1.4375 0 2.38125
0 -1.5 2.25 0.84 -1.5 2.25 1.5 -0.84 2.25 1.5 0 2.25]

# Upper body

Patch "bicubic" "P" [1.5 0 2.25  1.5 0.84 2.25  0.84 1.5 2.25  0 1.5 2.25
1.75 0 1.725  1.75 0.98 1.725  0.98 1.75 1.725  0 1.75 1.725
2 0 1.2  2 1.12 1.2  1.12 2 1.2  0 2 1.2
2 0 0.75  2 1.12 0.75  1.12 2 0.75  0 2 0.75]

Patch "bicubic" "P" [0 1.5 2.25  -0.84 1.5 2.25  -1.5 0.84 2.25  -1.5 0 2.25
0 1.75 1.725  -0.98 1.75 1.725  -1.75 0.98 1.725  -1.75 0 1.725
0 2 1.2  -1.12 2 1.2  -2 1.12 1.2  -2 0 1.2
0 2 0.75  -1.12 2 0.75  -2 1.12 0.75  -2 0 0.75]

Patch "bicubic" "P" [-1.5 0 2.25  -1.5 -0.84 2.25  -0.84 -1.5 2.25  0 -1.5 2.25
-1.75 0 1.725  -1.75 -0.98 1.725  -0.98 -1.75 1.725  0 -1.75 1.725
-2 0 1.2  -2 -1.12  1.2 -1.12  -2 1.2 0  -2 1.2
-2 0 0.75  -2 -1.12 0.75  -1.12 -2 0.75  0 -2 0.75]

Patch "bicubic" "P" [0 -1.5 2.25  0.84 -1.5 2.25  1.5 -0.84 2.25  1.5 0 2.25
0 -1.75 1.725  0.98 -1.75 1.725  1.75 -0.98 1.725  1.75 0 1.725
0 -2 1.2  1.12 -2 1.2  2 -1.12 1.2  2 0 1.2
0 -2 0.75  1.12 -2 0.75  2 -1.12 0.75  2 0 0.75]

# Lower body

Patch "bicubic" "P" [2 0 0.75 2 1.12 0.75 1.12 2 0.75 0 2 0.75
2 0 0.3 2 1.12 0.3 1.12 2 0.3 0 2 0.3
1.5 0 0.075 1.5 0.84 0.075 0.84 1.5 0.075 0 1.5 0.075
1.5 0 0 1.5 0.84 0 0.84 1.5 0 0 1.5 0]

Patch "bicubic" "P" [0 2 0.75 -1.12 2 0.75 -2 1.12 0.75 -2 0 0.75
0 2 0.3 -1.12 2 0.3 -2 1.12 0.3 -2 0 0.3
0 1.5 0.075 -0.84 1.5 0.075 -1.5 0.84 0.075 -1.5 0 0.075
0 1.5 0 -0.84 1.5 0 -1.5 0.84 0 -1.5 0 0]

Patch "bicubic" "P" [-2 0 0.75 -2 -1.12 0.75 -1.12 -2 0.75 0 -2 0.75
-2 0 0.3 -2 -1.12 0.3 -1.12 -2 0.3 0 -2 0.3
-1.5 0 0.075 -1.5 -0.84 0.075 -0.84 -1.5 0.075 0 -1.5 0.075
-1.5 0 0 -1.5 -0.84 0 -0.84 -1.5 0 0 -1.5 0]

Patch "bicubic" "P" [0 -2 0.75 1.12 -2 0.75 2 -1.12 0.75 2 0 0.75
0 -2 0.3 1.12 -2 0.3 2 -1.12 0.3 2 0 0.3
0 -1.5 0.075 0.84 -1.5 0.075 1.5 -0.84 0.075 1.5 0 0.075
0 -1.5 0 0.84 -1.5 0 1.5 -0.84 0 1.5 0 0]

# Handle

Patch "bicubic" "P" [-1.6 0 1.875 -1.6 0.3 1.875 -1.5 0.3 2.1 -1.5 0 2.1
-2.3 0 1.875 -2.3 0.3 1.875 -2.5 0.3 2.1 -2.5 0 2.1
-2.7 0 1.875 -2.7 0.3 1.875 -3 0.3 2.1 -3 0 2.1
-2.7 0 1.65 -2.7 0.3 1.65 -3 0.3 1.65 -3 0 1.65]

Patch "bicubic" "P" [-1.5 0 2.1 -1.5 -0.3 2.1 -1.6 -0.3 1.875 -1.6 0 1.875
-2.5 0 2.1 -2.5 -0.3 2.1 -2.3 -0.3 1.875 -2.3 0 1.875
-3 0 2.1 -3 -0.3 2.1 -2.7 -0.3 1.875 -2.7 0 1.875
-3 0 1.65 -3 -0.3 1.65 -2.7 -0.3 1.65 -2.7 0 1.65]

Patch "bicubic" "P" [-2.7 0 1.65 -2.7 0.3 1.65 -3 0.3 1.65 -3 0 1.65
-2.7 0 1.425 -2.7 0.3 1.425 -3 0.3 1.2 -3 0 1.2
-2.5 0 0.975 -2.5 0.3 0.975 -2.65 0.3 0.7875 -2.65 0 0.7875
-2 0 0.75 -2 0.3 0.75 -1.9 0.3 0.45 -1.9 0 0.45]

Patch "bicubic" "P" [-3 0 1.65 -3 -0.3 1.65 -2.7 -0.3 1.65 -2.7 0 1.65
-3 0 1.2 -3 -0.3 1.2 -2.7 -0.3 1.425 -2.7 0 1.425
-2.65 0 0.7875 -2.65 -0.3 0.7875 -2.5 -0.3 0.975 -2.5 0 0.975
-1.9 0 0.45 -1.9 -0.3 0.45 -2 -0.3 0.75 -2 0 0.75]

# Spout
 
Patch "bicubic" "P" [1.7 0 1.275 1.7 0.66 1.275 1.7 0.66 0.45 1.7 0 0.45
2.6 0 1.275 2.6 0.66 1.275 3.1 0.66 0.675 3.1 0 0.675
2.3 0 1.95 2.3 0.25 1.95 2.4 0.25 1.875 2.4 0 1.875
2.7 0 2.25 2.7 0.25 2.25 3.3 0.25 2.25 3.3 0 2.25]

Patch "bicubic" "P" [1.7 0 0.45 1.7 -0.66 0.45 1.7 -0.66 1.275 1.7 0 1.275
3.1 0 0.675 3.1 -0.66 0.675 2.6 -0.66 1.275 2.6 0 1.275
2.4 0 1.875 2.4 -0.25 1.875 2.3 -0.25 1.95 2.3 0 1.95
3.3 0 2.25 3.3 -0.25 2.25 2.7 -0.25 2.25 2.7 0 2.25]

Patch "bicubic" "P" [2.7 0 2.25 2.7 0.25 2.25 3.3 0.25 2.25 3.3 0 2.25
2.8 0 2.325 2.8 0.25 2.325 3.525 0.25 2.34375 3.525 0 2.34375
2.9 0 2.325 2.9 0.15 2.325 3.45 0.15 2.3625 3.45 0 2.3625
2.8 0 2.25 2.8 0.15 2.25 3.2 0.15 2.25 3.2 0 2.25]

Patch "bicubic" "P" [3.3 0 2.25 3.3 -0.25 2.25 2.7 -0.25 2.25 2.7 0 2.25
3.525 0 2.34375 3.525 -0.25 2.34375 2.8 -0.25 2.325 2.8 0 2.325
3.45 0 2.3625 3.45 -0.15 2.3625 2.9 -0.15 2.325 2.9 0 2.325
3.2 0 2.25 3.2 -0.15 2.25 2.8 -0.15 2.25 2.8 0 2.25]

# Lid handle

Patch "bicubic" "P" [0 0 3 0 0 3 0 0 3 0 0 3
0.8 0 3 0.8 0.45 3 0.45 0.8 3 0 0.8 3
0 0 2.7 0 0 2.7 0 0 2.7 0 0 2.7
0.2 0 2.55 0.2 0.112 2.55 0.112 0.2 2.55 0 0.2 2.55]

Patch "bicubic" "P" [0 0 3 0 0 3 0 0 3 0 0 3
0 0.8 3 -0.45 0.8 3 -0.8 0.45 3 -0.8 0 3
0 0 2.7 0 0 2.7 0 0 2.7 0 0 2.7
0 0.2 2.55 -0.112 0.2 2.55 -0.2 0.112 2.55 -0.2 0 2.55]

Patch "bicubic" "P" [0 0 3 0 0 3 0 0 3 0 0 3
-0.8 0 3 -0.8 -0.45 3 -0.45 -0.8 3 0 -0.8 3
0 0 2.7 0 0 2.7 0 0 2.7 0 0 2.7
-0.2 0 2.55 -0.2 -0.112 2.55 -0.112 -0.2 2.55 0 -0.2 2.55]

Patch "bicubic" "P" [0 0 3 0 0 3 0 0 3 0 0 3
0 -0.8 3 0.45 -0.8 3 0.8 -0.45 3 0.8 0 3
0 0 2.7 0 0 2.7 0 0 2.7 0 0 2.7
0 -0.2 2.55 0.112 -0.2 2.55 0.2 -0.112 2.55 0.2 0 2.55]

# Main lid

Patch "bicubic" "P" [0.2 0 2.55  0.2 0.112 2.55  0.112 0.2 2.55  0 0.2 2.55
0.4 0 2.4  0.4 0.224 2.4  0.224 0.4 2.4  0 0.4 2.4
1.4 0 2.4  1.4 0.784 2.4  0.784 1.4 2.4  0 1.4 2.4
1.4 0 2.25  1.4 0.784 2.25  0.784 1.4 2.25  0 1.4 2.25]
#1.3 0 2.4  1.3 0.728 2.4  0.728 1.3 2.4  0 1.3 2.4
#1.3 0 2.25  1.3 0.728 2.25  0.728 1.3 2.25  0 1.3 2.25]

Patch "bicubic" "P" [0 0.2 2.55  -0.112 0.2 2.55  -0.2 0.112 2.55  -0.2 0 2.55
0 0.4 2.4  -0.224 0.4 2.4  -0.4 0.224 2.4  -0.4 0 2.4
0 1.4 2.4  -0.784 1.4 2.4  -1.4 0.784 2.4  -1.4 0 2.4
0 1.4 2.25  -0.784 1.4 2.25  -1.4 0.784 2.25  -1.4 0 2.25]
#0 1.3 2.4  -0.728 1.3 2.4  -1.3 0.728 2.4  -1.3 0 2.4
#0 1.3 2.25  -0.728 1.3 2.25  -1.3 0.728 2.25  -1.3 0 2.25]

Patch "bicubic" "P" [-0.2 0 2.55 -0.2 -0.112 2.55 -0.112 -0.2 2.55 0 -0.2 2.55
-0.4 0 2.4 -0.4 -0.224 2.4 -0.224 -0.4 2.4 0 -0.4 2.4
-1.4 0 2.4 -1.4 -0.784 2.4 -0.784 -1.4 2.4 0 -1.4 2.4
-1.4 0 2.25 -1.4 -0.784 2.25 -0.784 -1.4 2.25 0 -1.4 2.25]
#-1.3 0 2.4 -1.3 -0.728 2.4 -0.728 -1.3 2.4 0 -1.3 2.4
#-1.3 0 2.25 -1.3 -0.728 2.25 -0.728 -1.3 2.25 0 -1.3 2.25]

Patch "bicubic" "P" [0 -0.2 2.55 0.112 -0.2 2.55 0.2 -0.112 2.55 0.2 0 2.55
0 -0.4 2.4 0.224 -0.4 2.4 0.4 -0.224 2.4 0.4 0 2.4
0 -1.4 2.4 0.784 -1.4 2.4 1.4 -0.784 2.4 1.4 0 2.4
0 -1.4 2.25 0.784 -1.4 2.25 1.4 -0.784 2.25 1.4 0 2.25]
#0 -1.3 2.4 0.728 -1.3 2.4 1.3 -0.728 2.4 1.3 0 2.4
#0 -1.3 2.25 0.728 -1.3 2.25 1.3 -0.728 2.25 1.3 0 2.25]

AttributeEnd 
